202 INDEX NOMINUM,

448. 452. 465. ἃ 21. 69. 186.
303. ο 4. 144. 194. Νέστορι
γ 57. ἃ 209. ο 151. Νέστορα
οι 284. 7. 286. ρ 109. Νέστορ’
γ 244. 469. Νέστορ γ 79. 202.
Νήιονε Νηίῳ α 186.

Νηλεύς y 409. λ 281. 288. -λῆος
y 4. 0233. -λῆα 2254. 0237.
-λέα ο 229.

Νηληιάδης N έστωρε -δαο y 465. ’

-6η γ 79. 202. 247.
Νηλήιος Πύλοςε -ον δ 639.
Νήρικοςε -κον 00 377.

Νήριτον Ithacae mons ι 22.’

ν 351.

Νήριτος Ithacensis ρ 207.

Νῖσοςτ Νίσου π 395. Νῖσον
σ 127.

Νοήμων ἃ 630. 648. -μονα β386.

Νότοςγ 295. ε 295. 331. μ 325.
326. 427. Νότου μ 289. ν 111.

Νύμφη α 14. 71. ε 57. 149. 153.
196. 230. κ 543. ·φης δ 557.
ε 6. 14. ρ 143. -φῃ 0:86. ε 30.
(-φην ψ 333.) -φαι ζ 105. ι 154.
μ 132. v 107. 356. Νυμφάων
(ζ 123.) v 104. (348.) ρ 211.
-φέων μ 318. Νύμφῃσι v 350.
ξ 435. «pm ν 355. -φαι ρ 240.

Ὀδυσήιος δόμοςε -ον σ 353.
Ὀδυσσεύς α 67. 60. 196. 260.
265. 354. 396. 398. β 27. 69.
71. 96. 163. 173. 182. 333.
342. 7 98. 121. 126. δ 280.
328. 345. 689. 763. ε 39. 171.
214. 229. 261. 269. 354. 370.
436. 481. 486. ζ 1. 117. 127.
141. 217. 224. 249. 322. η 1.
14. 21. 81. 133. 139. 142. 145.
177. 207. 230. 240. 302. 329.
344. 3 3. 83. 152. 165. 199.
264. 367. 381. 412. 446. 463.
474. 486. 494. 521. ι 1. κ 330.
436. λ 354. 377. v 28. 56. 63.

137. 187. 250. 311. 353. 367.
382. 416. 34. 30. 61. 148.
161. 171. 174. 191. 323. 390.
439. 526. ο 267. 340. 380. 2³5.
42. 90. 119. 164. 177. 186.
194. 201. 204. 225. 258. 266.
(289.) 442. ρ 16. 103. 136192.
235. 240. 280. 314. 336. 353.
412. 453. 506. 538. 560. σ 14.
51. 66. 90. 100. 117. 124. 253.
281. 312. 337. 365. 394. τ 1.
8. 41. 51. 70. 102. 106. 126.
141. 164. 209. 220. 225. 237.
239. (250.) 259. 261. 282. 293.
306. 315. 335. 358. 382. 388.
430. 437. 447. 474. 479. 499.
506. 554. 556. 582. 686. 596.
v 1. 36. 92. 104.120.168. 183.
226. 232. 300. φ 16. 20. 38.
94. 190. 227. 274. 404. 409.
414. χ 1. 34. 60. 81. 105. 170.
191. 213. 261. 266. 283. 292.
320. 371. 390. 430. 450. 490.
493. ψ 18. 67. 111. 129. 181.
206. 247. 263. 348. 370. ω 131.
164. 176. 220. 232. 241. 302.
330. 346. 348. 356. 392. 406.
424. 443. 482. 490. 501. 504.
537. Ὀδυσεύς β 246. 352. 366.
ἃ 107. 284. (287.) 340. ε 24.
387. 491. ζ 113. 136. 320.
η 43. 0 92. 531. ι 19. v 226.
ξ 162. 167. 459. 470. 520. 523.
ο 176. 301. 304. 485. π 1.162.
430. 6131. 167. 183. 260. 639.
a 384. τ 31. 84. 248. 286. 313.
409. 413. 452. v 5. 332. φ34.
129. 225. χ 16. 46. 129. 141.
207. 336. 381. 406. 409. ψ 7.
27. 108. 306. ω213. 328. 480.
526. Ὀδυσσῆος α 87. β 2. 35.
233. 238. 279. 394. 415. y 64.
84. 219. 362. 398. ἃ 143. 241.
270. 625. 682. 741. 799. ε 11.
31. 198. 297. 406. θ 76. ε144.
ο 2. 59. 313. 337. 347. 522.

